(67, 25) , (71, 28) , 0.8590435567936646
(7, 64) , (28, 41) , 0.7178612728998364
(61, 33) , (65, 0) , 0.7915891453874083
(75, 14) , (92, 71) , 0.9041442424547043
(42, 64) , (89, 52) , 0.25580797540938816
(94, 22) , (73, 51) , 0.3540554751529844
(49, 96) , (69, 99) , 0.726385407000207
(53, 26) , (76, 0) , 0.11112372153114924
(81, 54) , (67, 80) , 0.3143012798062115
(64, 0) , (16, 12) , 0.29547708552851837
(74, 52) , (44, 80) , 0.062045450502292265
(16, 4) , (85, 90) , 0.7939790450823823
(36, 84) , (61, 73) , 0.4579167948965468
(0, 80) , (83, 74) , 0.5116097826683441
(42, 23) , (10, 55) , 0.6745365718160857
(86, 100) , (80, 8) , 0.5333853728624517
(96, 64) , (48, 84) , 0.7432974331789216
(46, 17) , (57, 3) , 0.9679960258650392
(83, 89) , (93, 52) , 0.27288493844982054
(88, 28) , (84, 57) , 0.6156533109295225
(52, 71) , (67, 41) , 0.30353637486564555
(24, 62) , (35, 26) , 0.7242696031501412
(15, 53) , (1, 57) , 0.9284718864971181
(5, 76) , (10, 55) , 0.7640111203254172
(38, 52) , (63, 35) , 0.2362361855729722
(8, 30) , (79, 73) , 0.40139591392389573
(11, 59) , (93, 85) , 0.1742636026632869
(57, 63) , (40, 24) , 0.042281545472453996
(81, 93) , (89, 60) , 0.2174129934565765
(6, 35) , (15, 14) , 0.7776617652314174
(37, 54) , (54, 100) , 0.706061999113539
(79, 70) , (51, 40) , 0.802723793624757
(15, 26) , (64, 61) , 0.4643132456124278
(54, 81) , (27, 61) , 0.9499159767813258
(60, 27) , (76, 77) , 0.5666061950776828
(43, 62) , (46, 10) , 0.591204957568449
(10, 76) , (50, 25) , 0.6298053807665281
(43, 48) , (84, 29) , 0.8530532976999653
(32, 29) , (59, 73) , 0.7418051034698505
(86, 46) , (24, 17) , 0.6754377826025542
(100, 14) , (62, 48) , 0.8379214189827212
(47, 75) , (66, 7) , 0.5062013104664249
(9, 51) , (98, 38) , 0.1133526630468985
(28, 52) , (87, 6) , 0.7359582682404754
(73, 7) , (19, 66) , 0.002257284601889342
(53, 86) , (82, 8) , 0.8385184293755628
(92, 76) , (75, 19) , 0.8202841466668
(3, 48) , (91, 5) , 0.8735388700556412
(87, 84) , (89, 65) , 0.7986237033051512
(59, 96) , (73, 86) , 0.17860706585308828
(60, 30) , (100, 93) , 0.160420595810145
(66, 54) , (55, 88) , 0.2754622007178016
(55, 23) , (54, 21) , 0.1357587420323071
(67, 22) , (41, 95) , 0.3557969771966798
(23, 92) , (19, 3) , 0.5185769992437751
(76, 39) , (89, 100) , 0.9389872561555144
(86, 71) , (72, 8) , 0.7847545745699066
(84, 3) , (63, 2) , 0.5034824670267171
(71, 27) , (6, 69) , 0.24396253428654235
(96, 6) , (34, 98) , 0.7706904937194642
(79, 44) , (20, 65) , 0.28985245705566975
(83, 74) , (53, 91) , 0.7283882044523123
(75, 90) , (86, 43) , 0.34288619610813553
(62, 56) , (37, 24) , 0.6320709291575337
(84, 62) , (5, 31) , 0.057932629502202126
(75, 12) , (35, 28) , 0.5602668124563808
(28, 92) , (76, 46) , 0.24185183446365988
(34, 72) , (72, 85) , 0.5481037435503255
(66, 79) , (32, 56) , 0.04185397186639572
(73, 29) , (45, 14) , 0.7845533988954289
(63, 41) , (21, 55) , 0.7128470819811056
(13, 40) , (18, 56) , 0.6646659592865631
(19, 64) , (40, 14) , 0.06657012675144014
(85, 86) , (30, 94) , 0.49868101767426676
(62, 98) , (39, 21) , 0.7554943626303647
(0, 75) , (88, 50) , 0.32313722677413836
(46, 59) , (85, 8) , 0.21390913043161808
(95, 10) , (96, 56) , 0.5594562284612536
(18, 10) , (74, 4) , 0.5988139614719035
(32, 4) , (87, 44) , 0.5724312021312639
(63, 38) , (26, 93) , 0.027177411501200566
(23, 97) , (91, 27) , 0.7893406863087853
(74, 36) , (34, 72) , 0.8728236047632378
(7, 94) , (80, 31) , 0.6834912386321744
(14, 25) , (88, 68) , 0.9383308738083563
(93, 71) , (0, 81) , 0.7569980022780443
(83, 16) , (39, 48) , 0.4147867651001138
(10, 21) , (28, 18) , 0.738792301285357
(76, 54) , (34, 35) , 0.6688323732285576
(3, 83) , (55, 8) , 0.33982645129516187
(69, 15) , (43, 25) , 0.6617478059370783
(84, 54) , (0, 69) , 0.5912787224711734
(20, 27) , (23, 45) , 0.8422174938093403
(10, 89) , (30, 11) , 0.48338772259112794
(36, 50) , (15, 38) , 0.06325069185269183
(20, 47) , (81, 52) , 0.6726885706551147
(86, 74) , (27, 0) , 0.29653968959718824
(50, 6) , (60, 93) , 0.6172725196693609
(69, 93) , (30, 21) , 0.8140283911569653
(45, 89) , (42, 84) , 0.5586136979294304
(86, 77) , (34, 2) , 0.22614607251740104
(33, 95) , (48, 97) , 0.7981060756950664
(43, 41) , (94, 30) , 0.07260043806692873
(1, 92) , (65, 98) , 0.9846922034416069
(5, 93) , (60, 97) , 0.4718457106052014
(32, 21) , (54, 94) , 0.19048597281847635
(21, 51) , (67, 13) , 0.2556839925117276
(7, 67) , (55, 53) , 0.661974413477801
(6, 77) , (51, 47) , 0.7973887644800901
(46, 96) , (100, 46) , 0.7504272931945917
(67, 65) , (46, 81) , 0.3401521087051914
(66, 50) , (38, 4) , 0.6285315545987541
(11, 20) , (14, 79) , 0.6369851942779549
(28, 6) , (20, 17) , 0.5662088926998889
(4, 33) , (3, 20) , 0.41026165643865964
(68, 21) , (36, 53) , 0.3337823668350568
(52, 56) , (99, 21) , 0.11159967608814192
(6, 16) , (93, 74) , 0.174576355282814
(89, 96) , (45, 97) , 0.5243408307216576
(28, 59) , (39, 31) , 0.78507524323811
(18, 65) , (82, 59) , 0.06432369772665691
(5, 24) , (33, 40) , 0.9797997786525788
(79, 22) , (67, 70) , 0.0655855211631664
(0, 50) , (6, 31) , 0.3201533746243659
(35, 11) , (80, 78) , 0.6215350693513314
(79, 46) , (94, 6) , 0.11737784022907793
(95, 40) , (63, 24) , 0.41423489020536586
(98, 58) , (42, 66) , 0.2998190287562983
(95, 76) , (99, 61) , 0.5347684201460056
(64, 38) , (12, 75) , 0.6221763219041417
(100, 57) , (95, 19) , 0.8281818726997792
(11, 7) , (12, 55) , 0.899407271732524
(12, 98) , (51, 33) , 0.2514705239911359
(37, 92) , (98, 66) , 0.970946700325822
(44, 55) , (81, 59) , 0.9092104879465375
(57, 66) , (79, 78) , 0.5833931173258116
(35, 40) , (9, 7) , 0.40785150917214275
(92, 95) , (62, 25) , 0.6779393998760951
(53, 60) , (100, 26) , 0.00044328035178642367
(70, 81) , (23, 81) , 0.8927129995573689
(36, 41) , (49, 41) , 0.4686134497899148
(10, 70) , (9, 51) , 0.3692112852408489
(24, 82) , (62, 35) , 0.07560210115476396
(68, 6) , (61, 35) , 0.15722269862038096
(17, 24) , (91, 77) , 0.5210491118889418
(18, 92) , (28, 11) , 0.6718143765399406
(99, 18) , (100, 95) , 0.5819942708790755
(24, 66) , (28, 33) , 0.10039348266468795
(56, 76) , (12, 99) , 0.7609902294792174
(88, 96) , (46, 51) , 0.6620039912244053
(68, 50) , (3, 1) , 0.4877348010449537
(48, 94) , (17, 9) , 0.7157668045832221
(36, 85) , (27, 61) , 0.26332689153359157
(43, 52) , (80, 27) , 0.012852310185768379
(19, 61) , (24, 100) , 0.7982925423991375
(58, 23) , (38, 11) , 0.08240738388440594
(85, 81) , (80, 68) , 0.31287069841298343
(65, 72) , (99, 98) , 0.8071472656170894
(85, 73) , (55, 29) , 0.5285778651380134
(9, 48) , (67, 63) , 0.821065069278831
(24, 73) , (70, 0) , 0.4399177581800825
(60, 16) , (52, 33) , 0.5565804907593511
(16, 49) , (14, 46) , 0.8524742944334328
(16, 45) , (25, 89) , 0.4514909040812183
(82, 49) , (97, 8) , 0.28032883727890556
(18, 92) , (80, 89) , 0.37154076400045566
(57, 8) , (14, 52) , 0.34676654840073573
(16, 94) , (100, 48) , 0.08828387079787336
(30, 40) , (35, 89) , 0.9746899280361575
(97, 52) , (61, 70) , 0.27339180811646835
(41, 71) , (55, 5) , 0.8492973788586016
(69, 18) , (53, 10) , 0.7597144169188393
(2, 42) , (52, 56) , 0.5959730808283376
(43, 72) , (2, 38) , 0.5774424818082693
(34, 3) , (5, 56) , 0.3173169268550915
(18, 47) , (73, 54) , 0.6201360696383651
(35, 1) , (94, 20) , 0.3103051580848952
(0, 15) , (94, 30) , 0.3091090101921019
(67, 91) , (6, 19) , 0.198098858143684
(41, 33) , (40, 77) , 0.8040803517591064
(96, 35) , (17, 28) , 0.6164752389718866
(32, 2) , (83, 30) , 0.33856140024829773
(25, 16) , (24, 10) , 0.38167640298094707
(91, 62) , (9, 10) , 0.07519492575630204
(9, 54) , (9, 0) , 0.6050513257957122
(43, 70) , (9, 63) , 0.332151128674121
(84, 70) , (98, 52) , 0.21180556587796606
(60, 22) , (46, 97) , 0.826678609260615
(20, 20) , (16, 72) , 0.38565307065691234
(20, 63) , (13, 69) , 0.81534902446109
(30, 11) , (34, 22) , 0.3509985195098513
(92, 84) , (7, 48) , 0.08110678294987361
(31, 74) , (54, 46) , 0.18225608014709405
(27, 59) , (93, 47) , 0.31849525620016017
(40, 63) , (73, 42) , 0.46459945156318183
(61, 58) , (78, 43) , 0.8472939974491969
(64, 34) , (43, 54) , 0.7824058229025956
(65, 4) , (12, 43) , 0.14285332671903173
(15, 81) , (33, 81) , 0.500023504421176
(70, 65) , (34, 5) , 0.8102959784432489
(26, 41) , (42, 8) , 0.31063471331452863
(97, 100) , (65, 19) , 0.6546293512092644
(17, 48) , (79, 41) , 0.07826341619198429
(89, 90) , (77, 97) , 0.03849241566613215
(98, 63) , (43, 84) , 0.5353193168756986
(75, 59) , (42, 86) , 0.5263013784264425
(15, 90) , (92, 100) , 0.7812438918065286
(100, 12) , (39, 37) , 0.5645094768958205
(36, 93) , (3, 1) , 0.018659099660022882
(87, 38) , (93, 73) , 0.41384846735208114
(5, 61) , (17, 21) , 0.427223544015523
(31, 22) , (2, 6) , 0.9247110599857186
(88, 50) , (26, 44) , 0.15262508868360714
(31, 86) , (47, 82) , 0.25152860262606136
(80, 32) , (43, 76) , 0.32945111372422375
(47, 78) , (36, 68) , 0.9851887426263106
(39, 36) , (23, 91) , 0.2709199124316045
(85, 16) , (21, 15) , 0.43176891614625723
(42, 39) , (96, 1) , 0.8487234072983977
(33, 50) , (65, 5) , 0.7486138347774297
(15, 40) , (28, 25) , 0.2537492835745856
(19, 13) , (82, 12) , 0.7415127397115695
(85, 34) , (12, 81) , 0.5103133739840329
(69, 38) , (17, 47) , 0.9019227330168289
(60, 68) , (36, 6) , 0.2997021916068566
(61, 38) , (78, 95) , 0.7538346074428138
(86, 98) , (93, 67) , 0.03312292453861754
(58, 0) , (76, 41) , 0.8204657024834553
(99, 79) , (20, 47) , 0.4893062505190716
(72, 23) , (15, 57) , 0.06466567663967604
(4, 69) , (42, 38) , 0.5876293539228679
(72, 81) , (100, 10) , 0.3636072847357309
(89, 38) , (73, 6) , 0.44293784727869334
(17, 73) , (19, 61) , 0.605182659873784
(83, 43) , (47, 20) , 0.06751767490943439
(33, 70) , (16, 4) , 0.3199978625491666
(77, 7) , (35, 29) , 0.09559821543230063
(70, 88) , (75, 32) , 0.5673758179756981
(50, 7) , (69, 27) , 0.5407149221401656
(23, 66) , (53, 26) , 0.040329891920088956
(37, 9) , (13, 77) , 0.6227174889093661
(93, 14) , (3, 46) , 0.8428725502480435
(16, 74) , (14, 14) , 0.8616849251408071
(36, 41) , (66, 87) , 0.5672469887103205
(22, 23) , (10, 22) , 0.3111620682120111
(10, 32) , (98, 61) , 0.1496518403881667
(0, 83) , (73, 4) , 0.03013768129489458
(75, 39) , (41, 3) , 0.7719293113767222
(23, 14) , (34, 74) , 0.5119497448703862
(23, 76) , (84, 76) , 0.11786324151757344
(62, 53) , (2, 91) , 0.4930101869612755
(69, 20) , (25, 52) , 0.9504993509733467
(68, 9) , (42, 61) , 0.42099960000674497
(99, 19) , (58, 38) , 0.476673245033996
(98, 26) , (41, 37) , 0.658556711210395
(52, 45) , (20, 26) , 0.8804635627581455
(30, 28) , (68, 23) , 0.13243222602668092
(70, 26) , (29, 14) , 0.5816947574681712
(71, 90) , (35, 6) , 0.16722022671095493
(57, 80) , (79, 37) , 0.3629529248797243
(11, 24) , (79, 43) , 0.9094191460909733
(84, 40) , (25, 75) , 0.9783309671375516
(32, 71) , (54, 30) , 0.2223970389714609
(67, 10) , (54, 37) , 0.9818107995145391
(64, 31) , (3, 69) , 0.11224847403873617
(75, 2) , (28, 54) , 0.7206493207078831
(65, 79) , (34, 51) , 0.7598187279897431
(56, 6) , (50, 84) , 0.6174643517709877
(78, 70) , (11, 73) , 0.971185401370055
(10, 8) , (72, 78) , 0.21378603786102568
(74, 71) , (86, 22) , 0.3137220641220273
(31, 86) , (88, 83) , 0.27668376539184325
(19, 59) , (70, 64) , 0.2677462371506172
(0, 73) , (14, 25) , 0.8641487979553447
(7, 60) , (8, 98) , 0.9291721096736107
(19, 76) , (50, 59) , 0.655504859373763
(2, 82) , (77, 53) , 0.7784061153056852
(99, 28) , (11, 97) , 0.3176828302097765
(59, 21) , (43, 32) , 0.9020522038557274
(94, 59) , (5, 48) , 0.016452330597827358
(33, 97) , (57, 64) , 0.16985489078242955
(67, 6) , (99, 87) , 0.9248961531344629
(7, 73) , (6, 95) , 0.07729391253227547
(1, 70) , (19, 2) , 0.45893581338870604
(17, 34) , (14, 26) , 0.8858830690719413
(56, 64) , (1, 2) , 0.15856122684365093
(84, 17) , (34, 58) , 0.6864950290155897
(18, 32) , (23, 29) , 0.3745361776396703
(52, 14) , (37, 88) , 0.41947975034747687
(28, 74) , (18, 87) , 0.061986563467661515
(90, 16) , (49, 59) , 0.1720065380744732
(75, 39) , (100, 22) , 0.06285494700286265
(95, 1) , (30, 55) , 0.08601760284512572
(73, 7) , (45, 19) , 0.06607105382379208
(44, 89) , (85, 87) , 0.43364750568622557
(76, 65) , (38, 0) , 0.09386520206992777
(57, 61) , (59, 7) , 0.9236258404953853
(41, 57) , (48, 31) , 0.6008487966179215
(40, 65) , (87, 55) , 0.2789275176900956
(23, 73) , (33, 59) , 0.9192014065867616
(42, 39) , (36, 40) , 0.8242037574514702
(41, 23) , (52, 89) , 0.05326908764676619
(45, 82) , (62, 73) , 0.07521281106204636
(26, 50) , (71, 40) , 0.5559362476016766
(97, 23) , (29, 66) , 0.03717294974640373
(4, 73) , (90, 92) , 0.8037054125381095
(37, 30) , (17, 79) , 0.2172363006139394
(85, 6) , (63, 73) , 0.5986876938355723
(4, 98) , (16, 86) , 0.8775598909369984
(94, 82) , (46, 65) , 0.8569570732902707
(38, 16) , (1, 7) , 0.5356401976705908
(63, 17) , (28, 25) , 0.6661556418014069
(13, 42) , (86, 0) , 0.9240399179002218
(2, 6) , (56, 18) , 0.9458096704133573
(33, 59) , (73, 22) , 0.6018771683104022
(37, 8) , (86, 36) , 0.7278821070209832
(32, 91) , (95, 91) , 0.90890759398445
(94, 19) , (39, 33) , 0.726150176554351
(60, 69) , (48, 6) , 0.2626511735551118
(60, 24) , (5, 59) , 0.09054232565285514
(75, 5) , (21, 8) , 0.7818210381526127
(97, 80) , (49, 45) , 0.36070086485758956
(70, 41) , (24, 47) , 0.725655326146972
(59, 34) , (91, 74) , 0.8616045906624586
(78, 4) , (63, 69) , 0.6052290856074579
(62, 24) , (93, 40) , 0.23789408140399027
(49, 83) , (93, 84) , 0.9135417461416669
(73, 16) , (1, 62) , 0.07096620564795009
(86, 5) , (35, 63) , 0.7323819698267264
(66, 30) , (96, 12) , 0.6816069284401292
(96, 56) , (61, 35) , 0.8373781797467078
(23, 39) , (82, 74) , 0.6047141614770992
(96, 19) , (57, 21) , 0.37245469748098803
(92, 24) , (78, 65) , 0.9375094587571993
(46, 11) , (43, 75) , 0.9167605819797644
(75, 30) , (73, 11) , 0.5530041471653508
(44, 62) , (25, 28) , 0.7260725110810637
(59, 86) , (75, 81) , 0.6393670274503341
(60, 77) , (39, 91) , 0.41206986851496885
(83, 17) , (30, 93) , 0.9099450850886309
(38, 42) , (38, 67) , 0.7689829953592839
(20, 17) , (17, 53) , 0.6528429520785782
(78, 78) , (62, 82) , 0.5578062881091084
(58, 90) , (46, 96) , 0.38875418236875525
(34, 4) , (43, 94) , 0.44251522247909447
(24, 63) , (59, 66) , 0.17294836341013764
(27, 30) , (46, 87) , 0.42000846565987127
(60, 10) , (34, 43) , 0.9218261313773142
(54, 99) , (7, 68) , 0.3288469079764159
(0, 99) , (17, 4) , 0.9483385965930967
(66, 70) , (9, 27) , 0.48094528558573
(91, 40) , (43, 67) , 0.33338393244441134
(43, 47) , (82, 66) , 0.5622588435875403
(99, 15) , (26, 29) , 0.3986397265345353
(95, 99) , (60, 60) , 0.03333160651271849
(24, 31) , (17, 20) , 0.67408007689323
(92, 44) , (83, 83) , 0.6818520523583824
(45, 39) , (17, 70) , 0.48682421341835513
(43, 23) , (14, 72) , 0.8953055003997589
(58, 64) , (64, 67) , 0.20429120779006726
(57, 67) , (46, 68) , 0.1354106494608759
(59, 13) , (36, 57) , 0.2900187812654169
(21, 50) , (36, 45) , 0.05106255734734988
(50, 69) , (89, 41) , 0.960534818775781
(89, 8) , (54, 44) , 0.10670246954718365
(58, 93) , (17, 79) , 0.05621505382194669
(6, 16) , (36, 81) , 0.5526688459845082
(40, 50) , (73, 79) , 0.5433585860669639
(12, 58) , (38, 56) , 0.8076290148176283
(39, 25) , (69, 23) , 0.785886918400966
(21, 34) , (6, 79) , 0.3330389490315553
(14, 22) , (15, 73) , 0.10181903867056896
(10, 69) , (45, 43) , 0.2018348716376629
(44, 96) , (38, 15) , 0.40419129943832466
(26, 70) , (16, 11) , 0.3434195143199704
(86, 32) , (5, 13) , 0.01344737105189886
(81, 45) , (99, 53) , 0.008938545287930477
(41, 36) , (75, 56) , 0.996054745371529
(93, 2) , (37, 24) , 0.22093034168068104
(13, 91) , (44, 84) , 0.31218672307090967
(31, 59) , (1, 5) , 0.6685323451122154
(50, 73) , (4, 90) , 0.6228674132660446
(95, 59) , (55, 53) , 0.005487320594967149
(60, 4) , (0, 52) , 0.19176273422471568
(70, 72) , (26, 87) , 0.13062087031689074
(43, 89) , (33, 49) , 0.2908501318515856
(36, 42) , (14, 31) , 0.7736458413143681
(52, 57) , (51, 83) , 0.6183818350173973
(82, 91) , (0, 80) , 0.097995900689961
(20, 15) , (41, 44) , 0.19752046678300572
(40, 72) , (60, 5) , 0.429241580829804
(16, 40) , (26, 49) , 0.010688843658672842
(83, 53) , (96, 95) , 0.9107191862248375
(30, 85) , (3, 96) , 0.6980030770146022
(43, 5) , (12, 39) , 0.7191990663573563
(6, 18) , (88, 63) , 0.0774811171501939
(76, 87) , (36, 47) , 0.611111109261424
(73, 9) , (95, 82) , 0.7202989694266742
(75, 76) , (73, 62) , 0.03845163279726116
(11, 55) , (67, 62) , 0.11651643395065336
(78, 52) , (93, 34) , 0.2854384681696035
(27, 66) , (9, 82) , 0.7691605451820429
(65, 3) , (78, 79) , 0.8359582592452984
(7, 79) , (40, 93) , 0.13887507108826058
(70, 2) , (38, 48) , 0.2258819098131144
(71, 19) , (21, 59) , 0.8826224963863442
(36, 56) , (40, 21) , 0.18170343366127584
(49, 87) , (7, 16) , 0.6379931596299545
(39, 37) , (19, 99) , 0.7695268782656364
(9, 27) , (67, 8) , 0.7348763301746816
(73, 67) , (83, 89) , 0.33517190326477875
(21, 46) , (61, 93) , 0.01449653392276451
(37, 19) , (69, 93) , 0.718749809447128
(95, 44) , (90, 39) , 0.7278171713128584
(62, 16) , (74, 72) , 0.7078837278013197
(35, 95) , (5, 2) , 0.7438119924010105
(45, 83) , (76, 9) , 0.5282286520796442
(72, 22) , (53, 8) , 0.12881409221654117
(87, 7) , (32, 31) , 0.8440492130813965
(71, 78) , (17, 28) , 0.9203341344978677
(16, 28) , (51, 33) , 0.9021974352133517
(54, 50) , (94, 54) , 0.24631797287431012
(64, 5) , (51, 48) , 0.8895570116533117
(31, 34) , (13, 90) , 0.5610875100201981
(93, 26) , (89, 10) , 0.23223015669859415
(63, 15) , (48, 49) , 0.2700061741640222
(46, 2) , (36, 25) , 0.6276871320912709
(10, 88) , (61, 45) , 0.6416260825153566
(96, 6) , (6, 3) , 0.5898867431301299
(25, 43) , (31, 77) , 0.9257500793726992
(39, 33) , (67, 78) , 0.3259863878747795
(30, 10) , (45, 75) , 0.11295518059072807
(0, 74) , (100, 100) , 0.9557295481815872
(14, 4) , (87, 94) , 0.9378938971726193
(61, 59) , (84, 96) , 0.8518227003239665
(85, 16) , (85, 42) , 0.037180883109855345
(19, 11) , (6, 95) , 0.7762810266793212
(28, 100) , (97, 58) , 0.19556062419580733
(58, 82) , (16, 51) , 0.6209930093728294
(95, 15) , (69, 12) , 0.6591993554618221
(90, 60) , (30, 44) , 0.4002267761344033
(10, 70) , (21, 57) , 0.9355256580409544
(31, 74) , (5, 81) , 0.2146935248930535
(26, 17) , (66, 42) , 0.015585269986978734
(91, 4) , (67, 71) , 0.2683278175181044
(7, 9) , (18, 76) , 0.06102510090467694
(18, 41) , (33, 94) , 0.09571577008469334
(100, 42) , (56, 12) , 0.6233903788175224
(48, 20) , (31, 51) , 0.5219927239728092
(83, 26) , (25, 36) , 0.06186664835385536
(20, 23) , (34, 97) , 0.3637756519847398
(24, 19) , (23, 6) , 0.9238136983043654
(1, 61) , (64, 98) , 0.9383810695233504
(76, 62) , (1, 83) , 0.2632468951260223
(6, 20) , (96, 20) , 0.577273368370264
(83, 42) , (65, 40) , 0.863283545582411
(43, 90) , (42, 60) , 0.113594437428152
(90, 74) , (81, 56) , 0.8146529155072597
(22, 43) , (44, 32) , 0.1853973185501978
(24, 42) , (9, 64) , 0.6691483712339757
(4, 98) , (98, 44) , 0.6389810699521176
(65, 71) , (19, 45) , 0.3767503379013364
(76, 49) , (17, 70) , 0.5683877887746797
(96, 52) , (95, 38) , 0.20694767459388375
(5, 71) , (31, 64) , 0.9503066532840878
(37, 41) , (70, 79) , 0.743450132586399
(51, 49) , (7, 80) , 0.910374801094762
(54, 21) , (100, 25) , 0.26798934497505966
(87, 43) , (1, 99) , 0.18859524893068658
(29, 23) , (6, 15) , 0.6611450772654133
(5, 7) , (38, 58) , 0.13275031309754515
(90, 51) , (21, 81) , 0.2210544209809968
(93, 67) , (53, 7) , 0.997724737176027
(1, 89) , (17, 50) , 0.9462758753319466
(21, 23) , (83, 62) , 0.6994203793089814
(20, 77) , (42, 38) , 0.9196349808499691
(96, 89) , (58, 46) , 0.9169977736170192
(85, 51) , (87, 0) , 0.5977626684152474
(37, 49) , (17, 32) , 0.27551407594522126
(28, 70) , (56, 58) , 0.7576293089204552
(85, 99) , (70, 72) , 0.39195879936809963
(44, 64) , (87, 39) , 0.8400962857388908
(81, 35) , (19, 90) , 0.057600743121539066
(37, 60) , (32, 96) , 0.7298064978696412
(71, 55) , (98, 100) , 0.07029468118216597
(58, 82) , (97, 23) , 0.1374835364598428
(86, 18) , (64, 95) , 0.7829325097500498
(66, 32) , (19, 39) , 0.21571592044834975
(71, 44) , (52, 93) , 0.6728434446276276
(74, 68) , (92, 52) , 0.9178548721527057
(50, 38) , (12, 50) , 0.17715858353054748
(89, 86) , (2, 12) , 0.6776147154168505
(73, 48) , (81, 20) , 0.03587373607161781
(64, 60) , (96, 29) , 0.2782008994914701
(59, 67) , (1, 3) , 0.4570187671023658
(17, 78) , (77, 16) , 0.734764937679717
(40, 63) , (80, 22) , 0.7395430058864967
(43, 14) , (65, 93) , 0.9754246308489075
(70, 8) , (91, 11) , 0.8888303945532466
(84, 14) , (65, 20) , 0.3532654555157091
(19, 43) , (32, 19) , 0.8803324740606844
(32, 98) , (33, 57) , 0.7052226491796786
(84, 44) , (17, 79) , 0.8035945928129291
(74, 93) , (70, 22) , 0.66898905429327
(34, 71) , (83, 76) , 0.8775247086963983
(77, 45) , (7, 38) , 0.37703012040612993
(62, 90) , (48, 21) , 0.6170520836541412
(74, 52) , (17, 20) , 0.36600457007766773
(54, 84) , (45, 20) , 0.8335565330732556
(99, 49) , (18, 2) , 0.8448463862645659
(27, 36) , (85, 97) , 0.9522957479644513
(65, 52) , (42, 15) , 0.7345860441477987
(51, 70) , (92, 69) , 0.800980684551373
(22, 24) , (21, 55) , 0.022412514277134643
(48, 97) , (23, 38) , 0.0771320605181357
(26, 67) , (32, 44) , 0.097101741076286
(62, 47) , (81, 97) , 0.7353606480263424
(13, 16) , (7, 24) , 0.5598343217409582
(37, 0) , (61, 75) , 0.7345784918397112
(74, 99) , (25, 40) , 0.59537445790295
(66, 35) , (94, 59) , 0.07045428041527724
(58, 72) , (39, 91) , 0.6539042828902144
(22, 70) , (15, 78) , 0.5483608869183769
(38, 83) , (35, 16) , 0.18570152502977233
(81, 22) , (66, 51) , 0.32298311118851397
(16, 81) , (41, 35) , 0.6645844019858044
(72, 52) , (88, 56) , 0.12606036587104452
(61, 48) , (17, 37) , 0.05736306181423545
(36, 99) , (79, 47) , 0.3953622929252927
(98, 38) , (93, 40) , 0.903501435391369
(51, 31) , (47, 82) , 0.5604614445680841
(91, 44) , (39, 50) , 0.3004162489304083
(70, 14) , (19, 59) , 0.37455259699980026
(62, 96) , (92, 57) , 0.6326835077951388
(79, 71) , (32, 52) , 0.6143534178899979
(17, 0) , (47, 4) , 0.6899453294187944
(45, 16) , (97, 68) , 0.5410614888534394
(73, 82) , (5, 49) , 0.8207972747738778
(29, 37) , (49, 7) , 0.05896321519358272
(59, 77) , (16, 21) , 0.7033053368538601
(80, 75) , (4, 7) , 0.7174188933172592
(84, 69) , (80, 94) , 0.2515788115373625
(33, 26) , (42, 75) , 0.3140677770557815
(76, 20) , (87, 40) , 0.8898629271109016
(68, 47) , (47, 53) , 0.5637250144014458
(0, 89) , (37, 76) , 0.8179255192614705
(2, 81) , (66, 24) , 0.6998404887193274
(27, 2) , (48, 98) , 0.7675525240288708
(36, 57) , (32, 39) , 0.7631413704887275
(61, 82) , (37, 100) , 0.4978993440555698
(33, 35) , (39, 94) , 0.17562555600480112
(61, 49) , (86, 85) , 0.4396284251008936
(57, 15) , (52, 48) , 0.057707572013140696
(31, 53) , (55, 62) , 0.7691224260119438
(20, 79) , (27, 46) , 0.540445783771412
(11, 80) , (11, 21) , 0.3251251273847138
(1, 100) , (35, 95) , 0.19481289951259928
(54, 30) , (0, 29) , 0.7920525325047846
(88, 34) , (75, 81) , 0.7596791363599324
(29, 98) , (26, 19) , 0.7284234818576637
(50, 48) , (16, 18) , 0.6135023712284104
(63, 83) , (16, 85) , 0.048500558993814225
(87, 59) , (75, 97) , 0.1221716861784915
(80, 21) , (49, 61) , 0.3890016004763469
(97, 7) , (63, 43) , 0.9831364152173145
(17, 6) , (95, 36) , 0.7171338365352156
(42, 73) , (88, 27) , 0.5585452396850425
(60, 36) , (43, 45) , 0.3819939586261498
(78, 69) , (55, 97) , 0.49965526026918794
(56, 61) , (56, 9) , 0.5265902009066702
(77, 100) , (88, 89) , 0.5018548765753555
(32, 73) , (1, 81) , 0.7760666666588061
(79, 4) , (91, 2) , 0.26581719555053607
(39, 73) , (81, 69) , 0.614703947503454
(74, 31) , (100, 21) , 0.3607455598257632
(87, 63) , (96, 32) , 0.7423428726504716
(0, 16) , (67, 12) , 0.11532747071037797
(82, 15) , (60, 21) , 0.20852957702606045
(86, 24) , (54, 3) , 0.5998785883958905
(100, 50) , (33, 25) , 0.18071203963658244
(73, 73) , (42, 32) , 0.0034110511526586063
(47, 35) , (75, 4) , 0.48176791897186144
(70, 38) , (46, 7) , 0.8285866335168975
(49, 6) , (88, 36) , 0.6493742865325423
(41, 63) , (3, 35) , 0.5143701640378516
(44, 45) , (95, 15) , 0.06991638743019224
(67, 70) , (78, 38) , 0.8731238981427392
(85, 33) , (58, 37) , 0.24231026197892647
(19, 57) , (32, 81) , 0.40393430764435434
(100, 48) , (22, 6) , 0.5046394375984959
(60, 45) , (98, 21) , 0.8350494369918989
(56, 45) , (95, 34) , 0.05639012056972714
(27, 70) , (14, 71) , 0.6750538378445758
(12, 57) , (95, 81) , 0.5933616497098757
(49, 82) , (46, 47) , 0.9395376521955502
(31, 52) , (84, 60) , 0.2185116336358499
(1, 35) , (11, 71) , 0.8767679013079007
(72, 72) , (46, 24) , 0.0820141471791277
(53, 75) , (68, 65) , 0.522842274774218
(17, 61) , (64, 27) , 0.9480839666668904
(12, 86) , (58, 17) , 0.3585208104598103
(5, 64) , (77, 9) , 0.3654729147047753
(60, 17) , (83, 56) , 0.8699850392627169
(7, 28) , (89, 10) , 0.9799483216765456
(44, 76) , (63, 51) , 0.5481675973964466
(72, 68) , (61, 30) , 0.4829052659135693
(95, 65) , (55, 42) , 0.9704251923083584
(4, 10) , (87, 83) , 0.1203027326080589
(60, 49) , (24, 21) , 0.7513177301741061
(64, 52) , (87, 60) , 0.28552941366194584
(28, 2) , (70, 34) , 0.83111306893773
(100, 27) , (48, 51) , 0.927911557353906
(95, 17) , (11, 26) , 0.9860969439462609
(69, 55) , (69, 9) , 0.9359462741674791
(17, 40) , (30, 19) , 0.7714411093614808
(44, 71) , (48, 74) , 0.9200453553116943
(96, 71) , (42, 93) , 0.5882060811765832
(3, 26) , (34, 5) , 0.9443136968337381
(61, 83) , (20, 10) , 0.353651181642485
(13, 53) , (43, 18) , 0.9327607826962344
(46, 74) , (81, 12) , 0.9117655661051026
(55, 79) , (88, 45) , 0.46156512314311604
(62, 80) , (18, 86) , 0.23306112098031573
(29, 53) , (28, 37) , 0.38551553054675636
(75, 88) , (75, 44) , 0.5544244568857618
(17, 31) , (43, 74) , 0.5509362190207896
(29, 67) , (64, 63) , 0.5190448503570891
(8, 45) , (88, 21) , 0.2881998581616845
(89, 36) , (36, 28) , 0.9534323015397221
(18, 100) , (93, 22) , 0.9804106400001854
(0, 41) , (1, 7) , 0.7648330594491795
(78, 27) , (93, 33) , 0.6127204674341522
(35, 61) , (32, 10) , 0.032589917349355124
(15, 56) , (30, 46) , 0.5329189373356809
(2, 86) , (51, 29) , 0.049828445962782575
(33, 3) , (63, 74) , 0.08136360410949695
(24, 12) , (4, 90) , 0.6838556258955648
(87, 12) , (8, 4) , 0.725476709245305
(27, 36) , (34, 95) , 0.15360547846171946
(87, 70) , (89, 82) , 0.36494636506342204
(7, 81) , (98, 8) , 0.628233901013928
(75, 84) , (1, 70) , 0.7707227639287676
(26, 44) , (26, 29) , 0.36307370450985366
(46, 48) , (94, 43) , 0.8976989647952894
(60, 50) , (94, 48) , 0.6413197972597693
(14, 15) , (75, 69) , 0.6864133026934734
(5, 4) , (25, 53) , 0.2851406688208754
(18, 23) , (82, 24) , 0.6515249298440297
(88, 67) , (48, 63) , 0.887242902803219
(72, 98) , (27, 82) , 0.45256228370362783
(6, 67) , (81, 93) , 0.5760253276081578
(23, 50) , (70, 8) , 0.1443388589848804
(6, 0) , (68, 47) , 0.16235089239832146
(62, 13) , (27, 62) , 0.8892318420779114
(61, 80) , (11, 21) , 0.0663169070948576
(85, 76) , (55, 56) , 0.3213715716288419
(42, 84) , (61, 23) , 0.22818899667930093
(95, 19) , (28, 64) , 0.13648894620493246
(34, 70) , (53, 94) , 0.5020133938569233
(15, 0) , (95, 53) , 0.3586354655486401
(30, 50) , (58, 92) , 0.6512813779590749
(79, 42) , (11, 4) , 0.653596286210059
(57, 43) , (4, 66) , 0.4008655294063299
(5, 31) , (13, 54) , 0.8630169569886169
(92, 47) , (65, 93) , 0.8551623932232488
(79, 67) , (17, 59) , 0.04551524640952409
(28, 56) , (12, 84) , 0.7322371415677834
(88, 37) , (36, 15) , 0.645287293372971
(72, 75) , (19, 30) , 0.45542425167345546
(13, 55) , (20, 94) , 0.009320417863729502
(75, 54) , (82, 25) , 0.5212988056207292
(63, 36) , (78, 7) , 0.1462388785948281
(95, 86) , (72, 16) , 0.9921228516264163
(24, 72) , (96, 1) , 0.7117062137081651
(51, 1) , (52, 72) , 0.4991806472976862
(63, 48) , (49, 68) , 0.45520226339068415
(97, 99) , (0, 67) , 0.026994994953620677
(18, 72) , (23, 14) , 0.9281575003641096
(14, 15) , (59, 60) , 0.5651522175134295
(57, 12) , (40, 56) , 0.06703212185361251
(61, 39) , (100, 98) , 0.87935227679972
(79, 23) , (28, 18) , 0.43266062770559977
(44, 99) , (47, 13) , 0.05952504751363119
(99, 36) , (55, 89) , 0.1819519593802369
(4, 33) , (20, 42) , 0.5377731139980932
(76, 95) , (93, 56) , 0.7891991832794328
(40, 52) , (34, 17) , 0.5204602431864543
(48, 11) , (53, 88) , 0.45275737538036076
(88, 57) , (69, 13) , 0.9965874999590814
(36, 13) , (78, 7) , 0.30722483162482284
(51, 35) , (63, 54) , 0.0318719867150461
(68, 10) , (99, 48) , 0.4776952152584427
(59, 3) , (44, 63) , 0.5752408870779447
(70, 60) , (69, 22) , 0.15055239614999838
(39, 24) , (18, 87) , 0.9230895067520498
(73, 43) , (7, 9) , 0.8498122789655583
(81, 11) , (91, 52) , 0.9443546039874308
(100, 5) , (28, 1) , 0.7436941377782842
(47, 78) , (73, 80) , 0.20356297541710244
(87, 98) , (92, 47) , 0.8217888882167643
(28, 96) , (40, 59) , 0.7287520542382351
(14, 50) , (62, 12) , 0.5208873326785461
(43, 98) , (51, 15) , 0.3564974538922495
(63, 35) , (37, 88) , 0.5683692613875576
(89, 15) , (0, 93) , 0.7669168927233174
(32, 31) , (73, 85) , 0.6321076358911087
(45, 63) , (25, 58) , 0.07550479384518038
(83, 82) , (75, 33) , 0.6638416244332114
(32, 43) , (92, 34) , 0.36859781276626147
(11, 97) , (51, 59) , 0.7037325676622797
(97, 69) , (25, 28) , 0.48635009853191347
(82, 98) , (37, 61) , 0.4491698015172815
(23, 96) , (96, 66) , 0.04660532463354827
(32, 69) , (56, 16) , 0.7056354199927639
(49, 98) , (6, 59) , 0.9593174067998718
(80, 37) , (41, 76) , 0.5801527854680625
(92, 88) , (65, 47) , 0.8172356692018982
(89, 94) , (80, 44) , 0.1389913447552552
(79, 82) , (58, 18) , 0.4704388890655469
(100, 73) , (31, 92) , 0.004419160953096357
(44, 90) , (98, 54) , 0.6451874118766051
(12, 28) , (97, 100) , 0.5623436928736735
(12, 24) , (39, 63) , 0.3369863511164808
(76, 0) , (80, 13) , 0.0014440367116824726
(100, 42) , (47, 36) , 0.9269071344507331
(80, 87) , (75, 19) , 0.027371715657263374
(95, 76) , (27, 64) , 0.44723235462158206
(68, 80) , (32, 90) , 0.19411732532897252
(49, 66) , (45, 82) , 0.4243826294197316
(74, 22) , (5, 35) , 0.6663227818018981
(42, 48) , (15, 85) , 0.1984257467626196
(13, 34) , (9, 29) , 0.7668555158207371
(97, 93) , (66, 72) , 0.25913554218536483
(73, 8) , (42, 91) , 0.19218866516273925
(8, 81) , (46, 39) , 0.19751496474026164
(0, 67) , (88, 34) , 0.5054113704643924
(63, 8) , (70, 84) , 0.2118248434532627
(82, 48) , (57, 59) , 0.6235896214486206
(49, 1) , (39, 57) , 0.4915865605612575
(37, 23) , (98, 83) , 0.2077561469858844
(44, 67) , (76, 62) , 0.7514421385456301
(2, 33) , (6, 77) , 0.5876676963462963
(11, 25) , (58, 4) , 0.66658859515287
(52, 19) , (50, 2) , 0.31016334123951816
(87, 11) , (37, 47) , 0.44245726930031415
(88, 14) , (46, 71) , 0.7226771147719389
(85, 79) , (49, 0) , 0.7919385926813242
(86, 100) , (48, 70) , 0.28625006138303155
(39, 94) , (40, 52) , 0.8174603475065103
(53, 85) , (71, 59) , 0.8254159663123498
(89, 88) , (99, 7) , 0.882214349689083
(39, 73) , (56, 100) , 0.9372272831969014
(82, 22) , (31, 30) , 0.7246469702346838
(2, 54) , (89, 3) , 0.9223819570034908
(35, 97) , (25, 68) , 0.056508584270379414
(95, 97) , (68, 23) , 0.8466847983594784
(38, 80) , (77, 52) , 0.9885584317900136
(87, 34) , (88, 71) , 0.9535642794075236
(75, 63) , (31, 6) , 0.34782802768708454
(9, 57) , (3, 42) , 0.09751706773900848
(55, 11) , (87, 43) , 0.7637661709676138
(42, 69) , (68, 21) , 0.23642799251242852
(93, 50) , (16, 6) , 0.46674879628368693
(76, 51) , (36, 17) , 0.3008865583901098
(6, 56) , (11, 2) , 0.557418176895132
(54, 22) , (13, 66) , 0.9379959191731385
(7, 19) , (53, 53) , 0.2755315864501081
(47, 56) , (40, 78) , 0.1304792900864118
(23, 33) , (75, 58) , 0.38859755479014113
(86, 3) , (30, 70) , 0.18065432397966852
(15, 55) , (22, 25) , 0.4068785423201057
(15, 54) , (23, 20) , 0.9616897364729823
(15, 17) , (17, 66) , 0.05614860913671926
(94, 99) , (11, 13) , 0.3210811647486086
(85, 92) , (38, 72) , 0.3709290671995571
(88, 68) , (87, 10) , 0.18676633671510467
(86, 48) , (75, 18) , 0.6003798352412569
(100, 86) , (83, 61) , 0.19440954465700633
(27, 93) , (55, 56) , 0.36709386090592344
(59, 100) , (12, 68) , 0.2830001381775348
(27, 23) , (94, 60) , 0.08267538314084566
(37, 8) , (55, 18) , 0.6704940413112612
(85, 87) , (14, 20) , 0.3341462095714903
(54, 52) , (72, 8) , 0.46810378957900556
(94, 90) , (48, 85) , 0.8135899891496795
(100, 91) , (33, 17) , 0.5016428886500862
(77, 60) , (20, 17) , 0.5806714882829869
(90, 3) , (97, 72) , 0.3799853398054144
(46, 62) , (30, 56) , 0.478078465249534
(67, 49) , (73, 14) , 0.04269840873248998
(75, 89) , (8, 14) , 0.8125862511722757
(42, 73) , (21, 31) , 0.9960695266895164
(100, 57) , (87, 79) , 0.13999537781778837
(62, 82) , (24, 84) , 0.6298961346462025
(23, 28) , (12, 3) , 0.4113875487413615
(98, 89) , (85, 25) , 0.9458536343129561
(22, 24) , (98, 5) , 0.6269641141762269
(7, 38) , (61, 60) , 0.180618004299828
(63, 80) , (64, 13) , 0.12810432759483092
(87, 56) , (32, 34) , 0.7355429264996525
(42, 6) , (80, 65) , 0.5040200286030351
(56, 21) , (58, 82) , 0.43668245177067766
(13, 74) , (35, 89) , 0.24377163143095215
(21, 7) , (0, 50) , 0.4349440685599123
(58, 4) , (8, 62) , 0.8775148541084916
(28, 32) , (4, 84) , 0.047097515388490496
(70, 75) , (100, 57) , 0.47662899413741966
(5, 82) , (53, 20) , 0.5627706984661083
(61, 21) , (79, 58) , 0.12428080517541018
(87, 63) , (37, 5) , 0.6047623227653492
(9, 25) , (31, 51) , 0.45195720749319757
(51, 61) , (0, 80) , 0.8032631785890195
(72, 7) , (55, 93) , 0.09491706152541579
(35, 64) , (98, 74) , 0.4544622442196433
(38, 43) , (0, 32) , 0.6737968909640357
(51, 28) , (28, 80) , 0.6282219284503334
(87, 93) , (49, 49) , 0.46989927531548004
(100, 37) , (90, 95) , 0.2222479661006913
(37, 83) , (34, 16) , 0.14797048036256655
(18, 3) , (54, 84) , 0.21398578346529895
(81, 61) , (24, 84) , 0.2524760155390533
(24, 21) , (67, 60) , 0.05525867442625543
(44, 64) , (81, 67) , 0.35968195979418927
(59, 76) , (6, 33) , 0.24781398097985952
(36, 95) , (60, 39) , 0.31435682449094404
(91, 37) , (92, 18) , 0.9127028419185089
(32, 34) , (22, 80) , 0.7545355746324235
(32, 98) , (22, 88) , 0.3922944660914155
(73, 6) , (10, 9) , 0.7564757689853933
(63, 43) , (13, 69) , 0.6376187291250038
(26, 94) , (91, 40) , 0.8719624508384074
(70, 11) , (82, 40) , 0.6897852711867566
(70, 66) , (19, 22) , 0.8107767439287931
(11, 69) , (9, 80) , 0.9772231946228801
(51, 22) , (34, 2) , 0.07243804545384536
(93, 93) , (20, 94) , 0.5261092216697663
(40, 46) , (51, 81) , 0.08306338859278839
(2, 80) , (17, 13) , 0.9365460263544559
(40, 47) , (87, 27) , 0.4592822084798619
(28, 62) , (10, 46) , 0.9104638777689525
(93, 24) , (25, 18) , 0.2728806485638441
(4, 19) , (86, 74) , 0.5639883191526683
(100, 84) , (88, 55) , 0.9734022325416984
(95, 14) , (16, 61) , 0.16450321227242182
(33, 65) , (33, 7) , 0.6428409909222372
(2, 31) , (82, 86) , 0.9530679874731655
(97, 12) , (46, 49) , 0.6650802749148609
(39, 10) , (82, 20) , 0.9326326682960275
(100, 98) , (71, 60) , 0.5079757984227216
(33, 97) , (74, 31) , 0.9292264881984703
(66, 28) , (14, 61) , 0.2813826416013153
(1, 15) , (25, 95) , 0.9513916987599859
(97, 24) , (50, 14) , 0.8973721737169591
(27, 62) , (47, 82) , 0.48575101373342655
(2, 8) , (95, 89) , 0.6885655763715429
(38, 89) , (11, 79) , 0.24244468302218736
(42, 80) , (28, 24) , 0.3594846422362562
(29, 45) , (0, 32) , 0.9558643801844448
(36, 0) , (6, 58) , 0.851314258996113
(13, 73) , (36, 96) , 0.06942408772877173
(14, 55) , (36, 21) , 0.8841996152319738
(9, 97) , (97, 84) , 0.1184563446903042
(87, 88) , (1, 99) , 0.2629204617943074
(17, 5) , (26, 89) , 0.8481342538835629
(86, 98) , (58, 24) , 0.38861123616261195
(23, 10) , (62, 42) , 0.9957968807623442
(4, 37) , (96, 96) , 0.003589677167206151
(99, 43) , (31, 65) , 0.6605772658034331
(88, 50) , (18, 93) , 0.14049344858938095
(38, 40) , (77, 25) , 0.5303332570523092
(53, 64) , (13, 77) , 0.8924558252621593
(43, 5) , (95, 59) , 0.8170095772624281
(41, 46) , (55, 37) , 0.6924132594437642
(80, 40) , (55, 19) , 0.8521262419345649
(33, 60) , (95, 38) , 0.9162371642412361
(33, 69) , (41, 87) , 0.38965692199518553
(92, 63) , (40, 61) , 0.058195631723407804
(91, 51) , (56, 13) , 0.6081298769894349
(1, 18) , (94, 61) , 0.7823431992920049
(84, 51) , (96, 26) , 0.1394325549592974
(21, 80) , (78, 15) , 0.36105467336187136
(65, 74) , (97, 57) , 0.9151099649776526
(69, 0) , (86, 13) , 0.7382748758603894
(97, 50) , (32, 9) , 0.7074222170682174
(70, 72) , (8, 43) , 0.7579735308070331
(50, 50) , (39, 31) , 0.19834204919885645
(17, 97) , (18, 77) , 0.461887167738685
(53, 83) , (49, 1) , 0.922985577253238
(0, 54) , (52, 18) , 0.5592166784125566
(2, 84) , (8, 91) , 0.41528675380723745
(78, 80) , (64, 98) , 0.5707283623457825
(66, 79) , (100, 20) , 0.7148153406620894
(53, 89) , (79, 96) , 0.05858429720901981
(43, 58) , (25, 51) , 0.4251408363909829
(66, 91) , (35, 37) , 0.8166303480830683
(63, 63) , (14, 83) , 0.21195407866286675
(58, 87) , (12, 57) , 0.6324856542660331
(43, 5) , (49, 93) , 0.14516810066214392
(8, 20) , (85, 28) , 0.42906011999093296
(36, 5) , (45, 36) , 0.47111724670262434
(100, 3) , (91, 99) , 0.2163806979986731
(20, 43) , (0, 58) , 0.9880414428997163
(1, 65) , (64, 53) , 0.12617757977031596
(4, 36) , (95, 18) , 0.32084361722858
(66, 57) , (27, 34) , 0.2843868139589796
(79, 83) , (64, 2) , 0.5463270483833566
(13, 93) , (92, 66) , 0.39896392678994175
(65, 48) , (10, 75) , 0.7289366363596935
(33, 92) , (45, 57) , 0.5794237344550981
(71, 7) , (49, 47) , 0.9390375889746648
(13, 91) , (70, 99) , 0.03509272997142865
(18, 89) , (88, 57) , 0.6161208309254446
(30, 22) , (75, 58) , 0.05307590168554299
(66, 80) , (1, 54) , 0.9704003594825045
(83, 25) , (54, 81) , 0.1339746299084006
(99, 29) , (5, 78) , 0.1643330089367817
(90, 2) , (0, 39) , 0.2957488214480518
(86, 78) , (16, 1) , 0.7337264568781052
(57, 50) , (20, 59) , 0.25727770097109504
(42, 63) , (91, 27) , 0.480534757265363
(9, 76) , (89, 79) , 0.12100351770352025
(53, 89) , (38, 57) , 0.9910279165798248
(6, 74) , (41, 29) , 0.9866594539513995
(47, 5) , (7, 70) , 0.44566579170551845
(0, 33) , (9, 16) , 0.5023310205449657
(85, 40) , (92, 7) , 0.028801045408125336
(37, 1) , (37, 56) , 0.8320073598705958
(38, 3) , (42, 82) , 0.05459384442770143
(33, 60) , (66, 83) , 0.19168564794039178
(43, 34) , (6, 36) , 0.3503797201425094
(81, 24) , (30, 67) , 0.3843083404133155
(31, 31) , (29, 49) , 0.3521989040635872
(28, 54) , (5, 52) , 0.9611282123458413
(69, 5) , (70, 46) , 0.7485382491482533
(13, 52) , (97, 96) , 0.1583632226867664
(73, 42) , (78, 22) , 0.5592095831717011
(21, 45) , (13, 89) , 0.44775913612871454
(56, 63) , (47, 25) , 0.4676241710382798
(69, 67) , (34, 97) , 0.6372669279973057
(89, 40) , (51, 33) , 0.21143766497816063
(56, 29) , (29, 75) , 0.135125483513011
(24, 0) , (32, 31) , 0.41834062618670576
(16, 70) , (69, 0) , 0.13237551596750086
(100, 85) , (31, 35) , 0.6626020828719172
(89, 29) , (85, 23) , 0.24270351328942297
(15, 5) , (73, 89) , 0.9660353155280527
(89, 78) , (63, 26) , 0.17284938325461074
(5, 28) , (86, 81) , 0.20925242623790408
(88, 14) , (25, 41) , 0.38890806589743687
(71, 48) , (76, 18) , 0.42691315747693415
(46, 69) , (83, 69) , 0.4613269495941831
(7, 21) , (100, 93) , 0.4253164263614253
(54, 54) , (43, 8) , 0.3377403882551112
(50, 47) , (54, 94) , 0.7425803860164926
(60, 65) , (73, 97) , 0.9986716893665312
(91, 96) , (29, 48) , 0.40785917715014364
(39, 91) , (77, 2) , 0.2284382626178798
(79, 32) , (20, 34) , 0.06207507511278654
(68, 46) , (99, 59) , 0.7342835878625286
(53, 79) , (59, 85) , 0.6470438679244104
(46, 48) , (4, 36) , 0.616421258109507
(43, 98) , (22, 7) , 0.7132039280430081
(71, 81) , (87, 19) , 0.6359679551860176
(82, 66) , (61, 95) , 0.9580292624381299
(19, 40) , (95, 44) , 0.18186815253365407
(68, 48) , (71, 71) , 0.36079118771998486
(79, 98) , (80, 67) , 0.20356378774403505
(21, 43) , (37, 30) , 0.032365867516748525
(94, 80) , (71, 25) , 0.8160052420062132
(84, 9) , (36, 17) , 0.004874386098021821
(55, 45) , (79, 53) , 0.8684037102616105
(15, 2) , (64, 72) , 0.04171926282076799
(50, 81) , (89, 63) , 0.7592122178131527
(60, 57) , (68, 38) , 0.16266136522821506
(24, 5) , (47, 23) , 0.4670025856144442
(50, 60) , (53, 31) , 0.20137726408899614
(52, 25) , (75, 83) , 0.840646980200444
(95, 35) , (100, 65) , 0.7419515178292138
(3, 51) , (27, 54) , 0.281105036157113
(84, 17) , (8, 36) , 0.591889238608853
(44, 94) , (8, 90) , 0.4277867324936103
(15, 38) , (94, 80) , 0.34123504390706727
(72, 52) , (48, 73) , 0.18210750660085007
(23, 2) , (61, 19) , 0.2891993246492548
(82, 16) , (62, 75) , 0.9269816578049374
(97, 58) , (14, 67) , 0.6393636263820665
(82, 11) , (12, 8) , 0.8982132805920423
(2, 0) , (40, 14) , 0.642289809228866
(43, 50) , (88, 52) , 0.6721890353020776
(69, 12) , (5, 28) , 0.37010787246131893
(89, 75) , (55, 14) , 0.2840496482292091
(98, 30) , (98, 38) , 0.8251748055334632
(13, 59) , (73, 15) , 0.08673696005240361
(15, 57) , (38, 19) , 0.4917444744276297
(94, 96) , (88, 85) , 0.2619469552902085
(31, 44) , (58, 58) , 0.48730992560858044
(45, 93) , (15, 44) , 0.8546795649351642
(57, 72) , (30, 51) , 0.3650833819552117
(40, 37) , (15, 98) , 0.9224131699694307
(24, 74) , (99, 78) , 0.6402382260593259
